numb_back order_set img_numb response repeat_img repeat_pos lure lure_kind answer time
2_8.txt         
2 9 6 0  1 0 - 1 0.00102400779724
2 9 4 0  2 0 - 0 2.5
2 9 7 1  3 0 - 0 2.5
2 9 2 0  4 0 - 0 2.5
2 9 7 0 7 5 0 - 1 0.385114908218
2 9 7 0  6 1 3back 0 2.5
2 9 3 0  7 0 - 1 0.251432180405
2 9 2 0  8 0 - 0 2.5
2 9 1 1 1 9 0 - 0 2.5
2 9 4 0  10 0 - 1 1.0856461525
2 9 6 0  11 0 - 0 2.5
2 9 4 1 4 12 0 - 1 1.56967020035
2 9 8 0  13 0 - 0 2.5
2 9 1 0  14 0 - 0 2.5
2 9 8 1 8 15 0 - 1 0.98548412323
2 9 5 0  16 0 - 0 2.5
2 9 3 0  17 0 - 0 2.5
2 9 2 0  18 0 - 0 2.5
2 9 3 1 3 19 0 - 1 0.685431003571
2 9 5 0  20 0 - 0 2.5
2 9 6 0  21 0 - 0 2.5
2 9 5 1 5 22 0 - 0 2.5
1_5.txt         
1 6 2 0  1 0 - 0 2.5
1 6 5 0  2 0 - 0 2.5
1 6 5 1 5 3 0 - 1 0.218034029007
1 6 2 0  4 0 - 0 2.5
1 6 8 0  5 0 - 0 2.5
1 6 6 0  6 0 - 0 2.5
1 6 6 1 6 7 0 - 0 2.5
1 6 8 0  8 0 - 0 2.5
1 6 4 0  9 0 - 0 2.5
1 6 1 0  10 0 - 0 2.5
1 6 1 1 1 11 0 - 0 2.5
1 6 5 0  12 0 - 0 2.5
1 6 7 0  13 0 - 0 2.5
1 6 7 1 7 14 0 - 1 0.234775066376
1 6 2 0  15 0 - 0 2.5
1 6 3 0  16 0 - 0 2.5
1 6 3 1 3 17 0 - 1 0.0179750919342
1 6 4 0  18 0 - 0 2.5
1 6 4 1 4 19 0 - 1 0.134661912918
1 6 1 0  20 0 - 0 2.5
1 6 8 0  21 0 - 0 2.5
2_0.txt         
2 1 4 0  1 0 - 0 2.5
2 1 8 0  2 0 - 0 2.5
2 1 5 0  3 0 - 0 2.5
2 1 8 1 8 4 0 - 1 0.133461952209
2 1 6 0  5 0 - 0 2.5
2 1 4 0  6 0 - 0 2.5
2 1 3 1  7 0 - 0 2.5
2 1 4 0 4 8 0 - 0 2.5
2 1 1 0  9 0 - 1 0.451682090759
2 1 7 0  10 0 - 0 2.5
2 1 1 1 1 11 0 - 1 0.401520013809
2 1 5 0  12 0 - 0 2.5
2 1 2 0  13 0 - 0 2.5
2 1 8 0  14 0 - 1 0.0179629325867
2 1 2 1 2 15 0 - 1 0.501778125763
2 1 7 0  16 0 - 0 2.5
2 1 6 0  17 0 - 0 2.5
2 1 7 1 7 18 0 - 0 2.5
2 1 3 0  19 0 - 0 2.5
2 1 6 0  20 1 3back 0 2.5
2 1 3 1 3 21 0 - 0 2.5
2 1 2 0  22 0 - 1 0.167808055878
1_7.txt         
1 8 8 0  1 0 - 0 2.5
1 8 3 0  2 0 - 0 2.5
1 8 1 1  3 0 - 0 2.5
1 8 1 0 1 4 0 - 1 0.384886026382
1 8 8 0  5 0 - 0 2.5
1 8 4 0  6 0 - 0 2.5
1 8 4 1 4 7 0 - 0 2.5
1 8 5 0  8 0 - 0 2.5
1 8 2 0  9 0 - 1 0.0176990032196
1 8 2 1 2 10 0 - 1 0.201294898987
1 8 5 0  11 0 - 0 2.5
1 8 6 0  12 0 - 0 2.5
1 8 6 1 6 13 0 - 1 0.21793794632
1 8 7 0  14 0 - 0 2.5
1 8 4 0  15 0 - 0 2.5
1 8 7 0  16 0 - 0 2.5
1 8 7 1 7 17 0 - 1 0.134589910507
1 8 5 0  18 0 - 0 2.5
1 8 2 0  19 0 - 0 2.5
1 8 3 0  20 0 - 0 2.5
1 8 3 1 3 21 0 - 1 0.0346190929413
1_1.txt         
1 2 5 0  1 0 - 0 2.5
1 2 8 0  2 0 - 0 2.5
1 2 8 1 8 3 0 - 1 0.234643936157
1 2 2 0  4 0 - 0 2.5
1 2 1 0  5 0 - 0 2.5
1 2 1 1 1 6 0 - 1 0.00097393989563
1 2 4 0  7 0 - 0 2.5
1 2 7 0  8 0 - 0 2.5
1 2 7 1 7 9 0 - 1 0.251232862473
1 2 3 0  10 0 - 0 2.5
1 2 6 0  11 0 - 0 2.5
1 2 6 1 6 12 0 - 0 2.5
1 2 3 0  13 0 - 0 2.5
1 2 5 0  14 0 - 0 2.5
1 2 2 0  15 0 - 0 2.5
1 2 2 1 2 16 0 - 1 1.3192679882
1 2 8 0  17 0 - 0 2.5
1 2 5 0  18 0 - 0 2.5
1 2 4 0  19 0 - 0 2.5
1 2 4 1 4 20 0 - 1 0.351497173309
1 2 7 0  21 0 - 0 2.5
2_0.txt         
2 1 4 0  1 0 - 0 2.5
2 1 8 0  2 0 - 0 2.5
2 1 5 0  3 0 - 0 2.5
2 1 8 1 8 4 0 - 1 0.71866607666
2 1 6 0  5 0 - 0 2.5
2 1 4 0  6 0 - 1 0.534998893738
2 1 3 1  7 0 - 0 2.5
2 1 4 0 4 8 0 - 1 0.551666975021
2 1 1 0  9 0 - 0 2.5
2 1 7 0  10 0 - 0 2.5
2 1 1 1 1 11 0 - 1 0.184683799744
2 1 5 0  12 0 - 0 2.5
2 1 2 0  13 0 - 1 0.768743038177
2 1 8 0  14 0 - 0 2.5
2 1 2 1 2 15 0 - 1 0.36810708046
2 1 7 0  16 0 - 0 2.5
2 1 6 0  17 0 - 0 2.5
2 1 7 1 7 18 0 - 1 1.35273003578
2 1 3 0  19 0 - 0 2.5
2 1 6 0  20 1 3back 0 2.5
2 1 3 1 3 21 0 - 1 0.535030126572
2 1 2 0  22 0 - 0 2.5
2_5.txt         
2 6 1 0  1 0 - 0 2.5
2 6 8 0  2 0 - 0 2.5
2 6 4 0  3 0 - 0 2.5
2 6 3 1  4 0 - 0 2.5
2 6 4 0 4 5 0 - 1 0.418313026428
2 6 7 0  6 0 - 0 2.5
2 6 5 1  7 0 - 0 2.5
2 6 7 0 7 8 0 - 1 0.484977006912
2 6 6 0  9 0 - 0 2.5
2 6 5 0  10 0 - 1 0.318265914917
2 6 1 0  11 0 - 0 2.5
2 6 5 1 5 12 0 - 1 0.0677719116211
2 6 7 0  13 0 - 0 2.5
2 6 3 0  14 0 - 0 2.5
2 6 8 0  15 0 - 0 2.5
2 6 3 1 3 16 0 - 0 2.5
2 6 2 0  17 0 - 0 2.5
2 6 1 0  18 0 - 0 2.5
2 6 2 1 2 19 0 - 1 0.351673841476
2 6 6 0  20 0 - 0 2.5
2 6 8 0  21 0 - 0 2.5
2 6 6 1 6 22 0 - 0 2.5
1_6.txt         
1 7 3 0  1 0 - 0 2.5
1 7 8 0  2 0 - 0 2.5
1 7 5 0  3 0 - 0 2.5
1 7 5 1 5 4 0 - 1 0.201519012451
1 7 7 0  5 0 - 0 2.5
1 7 3 0  6 0 - 0 2.5
1 7 3 1 3 7 0 - 1 0.968788862228
1 7 1 0  8 0 - 0 2.5
1 7 6 0  9 0 - 0 2.5
1 7 6 1 6 10 0 - 1 0.401513814926
1 7 1 0  11 0 - 0 2.5
1 7 1 1 1 12 0 - 1 0.0345511436462
1 7 2 0  13 0 - 0 2.5
1 7 8 0  14 0 - 0 2.5
1 7 7 0  15 0 - 0 2.5
1 7 7 1 7 16 0 - 1 0.0844099521637
1 7 8 0  17 0 - 0 2.5
1 7 2 0  18 0 - 0 2.5
1 7 4 1  19 0 - 0 2.5
1 7 4 0 4 20 0 - 1 0.134725809097
1 7 8 0  21 0 - 0 2.5
