numb_back order_set img_numb response repeat_img repeat_pos lure lure_kind answer time
2_1.txt         
2 2 3 0  1 0 - 1 0.00102996826172
2 2 8 0  2 0 - 0 2.5
2 2 5 0  3 0 - 0 2.5
2 2 8 1 8 4 0 - 1 0.0180759429932
2 2 2 0  5 0 - 0 2.5
2 2 5 0  6 1 3back 0 2.5
2 2 2 1 2 7 0 - 0 2.5
2 2 4 0  8 0 - 0 2.5
2 2 6 0  9 0 - 0 2.5
2 2 3 1  10 0 - 0 2.5
2 2 6 0 6 11 0 - 0 2.5
2 2 7 0  12 0 - 0 2.5
2 2 1 0  13 0 - 0 2.5
2 2 7 1 7 14 0 - 0 2.5
2 2 8 0  15 0 - 0 2.5
2 2 4 0  16 0 - 0 2.5
2 2 3 1  17 0 - 0 2.5
2 2 4 0 4 18 0 - 0 2.5
2 2 1 0  19 0 - 0 2.5
2 2 2 0  20 0 - 0 2.5
2 2 1 1 1 21 0 - 0 2.5
2 2 5 0  22 0 - 0 2.5
1_6.txt         
1 7 3 0  1 0 - 0 2.5
1 7 8 0  2 0 - 0 2.5
1 7 5 0  3 0 - 0 2.5
1 7 5 1 5 4 0 - 1 0.0678288936615
1 7 7 0  5 0 - 0 2.5
1 7 3 0  6 0 - 0 2.5
1 7 3 1 3 7 0 - 1 0.134653806686
1 7 1 0  8 0 - 0 2.5
1 7 6 0  9 0 - 0 2.5
1 7 6 1 6 10 0 - 1 0.33487200737
1 7 1 0  11 0 - 0 2.5
1 7 1 1 1 12 0 - 1 0.13454914093
1 7 2 0  13 0 - 0 2.5
1 7 8 0  14 0 - 0 2.5
1 7 7 0  15 0 - 0 2.5
1 7 7 1 7 16 0 - 1 0.318159103394
1 7 8 0  17 0 - 0 2.5
1 7 2 0  18 0 - 0 2.5
1 7 4 1  19 0 - 0 2.5
1 7 4 0 4 20 0 - 1 0.0678350925446
1 7 8 0  21 0 - 0 2.5
2_2.txt         
2 3 4 0  1 0 - 0 2.5
2 3 3 0  2 0 - 0 2.5
2 3 2 0  3 0 - 0 2.5
2 3 6 0  4 0 - 1 0.0178380012512
2 3 2 1 2 5 0 - 1 0.63495016098
2 3 1 0  6 0 - 0 2.5
2 3 8 0  7 0 - 0 2.5
2 3 7 0  8 0 - 0 2.5
2 3 8 0 8 9 0 - 0 2.5
2 3 4 1  10 0 - 1 0.301595926285
2 3 3 0  11 0 - 0 2.5
2 3 5 0  12 0 - 0 2.5
2 3 3 1 3 13 0 - 1 0.00117301940918
2 3 1 0  14 0 - 0 2.5
2 3 4 0  15 0 - 0 2.5
2 3 1 1 1 16 0 - 1 0.0678939819336
2 3 6 0  17 0 - 0 2.5
2 3 7 0  18 0 - 0 2.5
2 3 6 1 6 19 0 - 1 0.00107002258301
2 3 5 0  20 0 - 0 2.5
2 3 7 0  21 1 3back 0 2.5
2 3 5 1 5 22 0 - 1 0.0178461074829
3_0.txt         
3 1 7 0  1 0 - 0 2.5
3 1 5 0  2 0 - 0 2.5
3 1 4 0  3 0 - 0 2.5
3 1 7 1 7 4 0 - 1 0.451478004456
3 1 4 0  5 1 2back 0 2.5
3 1 5 0  6 0 - 0 2.5
3 1 2 0  7 0 - 1 0.0345861911774
3 1 4 1 4 8 0 - 1 0.351592063904
3 1 3 0  9 0 - 0 2.5
3 1 2 1 2 10 0 - 1 0.0010359287262
3 1 1 0  11 0 - 0 2.5
3 1 8 0  12 0 - 1 0.551640987396
3 1 6 0  13 0 - 0 2.5
3 1 1 1 1 14 0 - 0 2.5
3 1 2 0  15 0 - 1 0.485061883926
3 1 8 1 8 16 0 - 0 2.5
3 1 5 0  17 0 - 0 2.5
3 1 6 0  18 0 - 0 2.5
3 1 3 0  19 0 - 0 2.5
3 1 7 0  20 0 - 0 2.5
3 1 6 1 6 21 0 - 1 0.168001174927
3 1 8 0  22 0 - 0 2.5
3 1 1 0  23 0 - 0 2.5
3_2.txt         
3 3 2 0  1 0 - 0 2.5
3 3 3 0  2 0 - 0 2.5
3 3 5 0  3 0 - 0 2.5
3 3 2 1 2 4 0 - 0 2.5
3 3 8 0  5 0 - 1 0.00093412399292
3 3 5 1 5 6 0 - 0 2.5
3 3 1 0  7 0 - 0 2.5
3 3 4 0  8 0 - 0 2.5
3 3 6 0  9 0 - 1 0.000967025756836
3 3 3 0  10 0 - 0 2.5
3 3 5 0  11 0 - 0 2.5
3 3 6 1 6 12 0 - 0 2.5
3 3 4 0  13 0 - 0 2.5
3 3 1 0  14 0 - 1 0.351475000381
3 3 2 0  15 0 - 1 0.117985963821
3 3 8 0  16 0 - 1 0.000919103622437
3 3 1 1 1 17 0 - 1 0.000886201858521
3 3 4 0  18 0 - 0 2.5
3 3 8 1 8 19 0 - 1 0.000921964645386
3 3 7 0  20 0 - 0 2.5
3 3 6 0  21 0 - 0 2.5
3 3 3 0  22 0 - 0 2.5
3 3 7 1 7 23 0 - 0 2.5
2_3.txt         
2 4 6 0  1 0 - 0 2.5
2 4 1 0  2 0 - 0 2.5
2 4 6 1 6 3 0 - 1 0.034560918808
2 4 8 0  4 0 - 0 2.5
2 4 3 0  5 0 - 1 0.23460483551
2 4 5 0  6 0 - 0 2.5
2 4 3 1 3 7 0 - 1 0.00091814994812
2 4 8 0  8 0 - 1 0.0177261829376
2 4 1 0  9 0 - 0 2.5
2 4 8 1 8 10 0 - 1 0.00106000900269
2 4 4 0  11 0 - 0 2.5
2 4 2 0  12 0 - 0 2.5
2 4 5 0  13 0 - 0 2.5
2 4 7 0  14 0 - 0 2.5
2 4 5 1 5 15 0 - 1 0.0345709323883
2 4 2 0  16 0 - 1 0.134706020355
2 4 1 0  17 0 - 0 2.5
2 4 2 2 2 18 0 - 1 0.234839916229
2 4 4 0  19 0 - 0 2.5
2 4 7 0  20 0 - 1 0.218120098114
2 4 3 0  21 0 - 0 2.5
2 4 7 1 7 22 0 - 1 0.685328006744
2_0.txt         
2 4 6 0  1 0 - 0 2.5
2 4 1 0  2 0 - 0 2.5
2 4 6 1 6 3 0 - 1 0.0513200759888
2 4 8 0  4 0 - 0 2.5
2 4 3 0  5 0 - 0 2.5
2 4 5 0  6 0 - 1 0.61850810051
2 4 3 1 3 7 0 - 1 0.117912769318
2 4 8 0  8 0 - 1 0.101151943207
2 4 1 0  9 0 - 0 2.5
2 4 8 1 8 10 0 - 1 0.168015003204
2 4 4 0  11 0 - 1 0.250295877457
2 4 2 0  12 0 - 0 2.5
2 4 5 0  13 0 - 1 0.0845518112183
2 4 7 0  14 0 - 0 2.5
2 4 5 1 5 15 0 - 0 2.5
2 4 2 0  16 0 - 0 2.5
2 4 1 0  17 0 - 0 2.5
2 4 2 2 2 18 0 - 1 0.000951051712036
2 4 4 0  19 0 - 0 2.5
2 4 7 0  20 0 - 0 2.5
2 4 3 0  21 0 - 0 2.5
2 4 7 1 7 22 0 - 1 0.418287992477
1_8.txt         
1 9 2 0  1 0 - 0 2.5
1 9 7 0  2 0 - 0 2.5
1 9 6 1  3 0 - 0 2.5
1 9 3 0  4 0 - 0 2.5
1 9 3 1 3 5 0 - 1 0.000954151153564
1 9 7 0  6 0 - 0 2.5
1 9 4 0  7 0 - 0 2.5
1 9 4 1 4 8 0 - 1 0.00109004974365
1 9 6 0  9 0 - 0 2.5
1 9 8 0  10 0 - 0 2.5
1 9 8 1 8 11 0 - 1 0.251458883286
1 9 3 0  12 0 - 0 2.5
1 9 5 0  13 0 - 0 2.5
1 9 5 0  14 0 - 1 0.134778022766
1 9 5 1 5 15 0 - 1 0.985529899597
1 9 4 0  16 0 - 0 2.5
1 9 6 0  17 0 - 0 2.5
1 9 6 0 6 18 0 - 1 0.201581954956
1 9 1 1  19 0 - 0 2.5
1 9 1 0 1 20 0 - 1 0.00105595588684
1 9 7 0  21 0 - 0 2.5
