numb_back order_set img_numb response repeat_img repeat_pos lure lure_kind answer time
2_8.txt         
2 9 6 0  1 0 - 1 0.00108814239502
2 9 4 0  2 0 - 0 2.5
2 9 7 1  3 0 - 0 2.5
2 9 2 0  4 0 - 0 2.5
2 9 7 0 7 5 0 - 1 0.0846028327942
2 9 7 0  6 1 3back 0 2.5
2 9 3 0  7 0 - 0 2.5
2 9 2 0  8 0 - 0 2.5
2 9 1 1 1 9 0 - 0 2.5
2 9 4 0  10 0 - 0 2.5
2 9 6 0  11 0 - 0 2.5
2 9 4 1 4 12 0 - 1 0.117851018906
2 9 8 0  13 0 - 0 2.5
2 9 1 0  14 0 - 0 2.5
2 9 8 1 8 15 0 - 1 0.234793901443
2 9 5 0  16 0 - 0 2.5
2 9 3 0  17 0 - 0 2.5
2 9 2 0  18 0 - 0 2.5
2 9 3 1 3 19 0 - 1 0.0679230690002
2 9 5 0  20 0 - 0 2.5
2 9 6 0  21 0 - 0 2.5
2 9 5 1 5 22 0 - 0 2.5
2_6.txt         
2 7 7 0  1 0 - 0 2.5
2 7 3 0  2 0 - 0 2.5
2 7 7 1 7 3 0 - 1 0.61850810051
2 7 5 0  4 0 - 0 2.5
2 7 6 0  5 0 - 0 2.5
2 7 2 0  6 0 - 0 2.5
2 7 6 1 6 7 0 - 1 0.301593065262
2 7 4 0  8 0 - 0 2.5
2 7 3 0  9 0 - 0 2.5
2 7 4 1 4 10 0 - 0 2.5
2 7 8 0  11 0 - 0 2.5
2 7 5 0  12 0 - 1 0.0845038890839
2 7 1 0  13 0 - 0 2.5
2 7 5 1 5 14 0 - 1 0.584959030151
2 7 8 0  15 0 - 1 0.301390886307
2 7 3 0  16 0 - 0 2.5
2 7 8 0 8 17 0 - 0 2.5
2 7 1 1  18 0 - 0 2.5
2 7 2 0  19 0 - 0 2.5
2 7 1 0 1 20 0 - 1 0.518290042877
2 7 4 0  21 0 - 0 2.5
2 7 2 1  22 0 - 0 2.5
1_0.txt         
1 1 3 0  1 0 - 0 2.5
1 1 1 0  2 0 - 0 2.5
1 1 7 1  3 0 - 0 2.5
1 1 7 0 7 4 0 - 1 0.00105094909668
1 1 4 0  5 0 - 0 2.5
1 1 3 0  6 0 - 0 2.5
1 1 6 0  7 0 - 1 0.234704971313
1 1 8 0  8 0 - 0 2.5
1 1 8 1 8 9 0 - 1 0.251647949219
1 1 7 0  10 0 - 0 2.5
1 1 6 0  11 0 - 0 2.5
1 1 6 1 6 12 0 - 1 0.101173877716
1 1 5 0  13 0 - 0 2.5
1 1 5 1 5 14 0 - 1 0.217939138412
1 1 2 0  15 0 - 0 2.5
1 1 1 0  16 0 - 0 2.5
1 1 1 1 1 17 0 - 1 0.0512318611145
1 1 2 0  18 0 - 0 2.5
1 1 2 1 2 19 0 - 1 0.217951059341
1 1 3 0  20 0 - 0 2.5
1 1 4 0  21 0 - 0 2.5
1_7.txt         
1 8 8 0  1 0 - 0 2.5
1 8 3 0  2 0 - 0 2.5
1 8 1 1  3 0 - 0 2.5
1 8 1 0 1 4 0 - 1 0.034698009491
1 8 8 0  5 0 - 0 2.5
1 8 4 0  6 0 - 0 2.5
1 8 4 1 4 7 0 - 1 0.0679030418396
1 8 5 0  8 0 - 0 2.5
1 8 2 0  9 0 - 0 2.5
1 8 2 1 2 10 0 - 1 0.000935792922974
1 8 5 0  11 0 - 0 2.5
1 8 6 0  12 0 - 0 2.5
1 8 6 1 6 13 0 - 1 0.484983921051
1 8 7 0  14 0 - 0 2.5
1 8 4 0  15 0 - 0 2.5
1 8 7 0  16 0 - 0 2.5
1 8 7 1 7 17 0 - 1 0.201349973679
1 8 5 0  18 0 - 0 2.5
1 8 2 0  19 0 - 0 2.5
1 8 3 0  20 0 - 0 2.5
1 8 3 1 3 21 0 - 1 0.268090963364
2_1.txt         
2 2 3 0  1 0 - 1 1.60290002823
2 2 8 0  2 0 - 0 2.5
2 2 5 0  3 0 - 0 2.5
2 2 8 1 8 4 0 - 1 0.134670972824
2 2 2 0  5 0 - 0 2.5
2 2 5 0  6 1 3back 0 2.5
2 2 2 1 2 7 0 - 1 0.134536027908
2 2 4 0  8 0 - 0 2.5
2 2 6 0  9 0 - 0 2.5
2 2 3 1  10 0 - 0 2.5
2 2 6 0 6 11 0 - 0 2.5
2 2 7 0  12 0 - 0 2.5
2 2 1 0  13 0 - 0 2.5
2 2 7 1 7 14 0 - 1 0.351381063461
2 2 8 0  15 0 - 0 2.5
2 2 4 0  16 0 - 0 2.5
2 2 3 1  17 0 - 0 2.5
2 2 4 0 4 18 0 - 0 2.5
2 2 1 0  19 0 - 0 2.5
2 2 2 0  20 0 - 0 2.5
2 2 1 1 1 21 0 - 1 0.00102305412292
2 2 5 0  22 0 - 0 2.5
2_5.txt         
2 6 1 0  1 0 - 0 2.5
2 6 8 0  2 0 - 0 2.5
2 6 4 0  3 0 - 0 2.5
2 6 3 1  4 0 - 0 2.5
2 6 4 0 4 5 0 - 1 0.251379013062
2 6 7 0  6 0 - 0 2.5
2 6 5 1  7 0 - 0 2.5
2 6 7 0 7 8 0 - 1 0.217891931534
2 6 6 0  9 0 - 0 2.5
2 6 5 0  10 0 - 0 2.5
2 6 1 0  11 0 - 0 2.5
2 6 5 1 5 12 0 - 1 0.434886932373
2 6 7 0  13 0 - 0 2.5
2 6 3 0  14 0 - 0 2.5
2 6 8 0  15 0 - 0 2.5
2 6 3 1 3 16 0 - 1 0.134543180466
2 6 2 0  17 0 - 0 2.5
2 6 1 0  18 0 - 0 2.5
2 6 2 1 2 19 0 - 1 0.00119590759277
2 6 6 0  20 0 - 0 2.5
2 6 8 0  21 0 - 0 2.5
2 6 6 1 6 22 0 - 1 0.218071222305
2_0.txt         
2 1 4 0  1 0 - 0 2.5
2 1 8 0  2 0 - 0 2.5
2 1 5 0  3 0 - 0 2.5
2 1 8 1 8 4 0 - 1 0.00118398666382
2 1 6 0  5 0 - 0 2.5
2 1 4 0  6 0 - 0 2.5
2 1 3 1  7 0 - 1 0.0677978992462
2 1 4 0 4 8 0 - 1 0.0177791118622
2 1 1 0  9 0 - 0 2.5
2 1 7 0  10 0 - 0 2.5
2 1 1 1 1 11 0 - 1 0.000919103622437
2 1 5 0  12 0 - 0 2.5
2 1 2 0  13 0 - 0 2.5
2 1 8 0  14 0 - 0 2.5
2 1 2 1 2 15 0 - 1 0.0845949649811
2 1 7 0  16 0 - 0 2.5
2 1 6 0  17 0 - 0 2.5
2 1 7 1 7 18 0 - 1 0.000907897949219
2 1 3 0  19 0 - 0 2.5
2 1 6 0  20 1 3back 0 2.5
2 1 3 1 3 21 0 - 1 0.484975099564
2 1 2 0  22 0 - 0 2.5
3_9.txt         
3 10 4 0  1 0 - 0 2.5
3 10 1 0  2 0 - 0 2.5
3 10 7 0  3 0 - 0 2.5
3 10 5 0  4 0 - 0 2.5
3 10 1 1 1 5 0 - 1 0.117892980576
3 10 4 0  6 0 - 0 2.5
3 10 8 0  7 0 - 1 0.885408163071
3 10 6 0  8 0 - 0 2.5
3 10 4 1 4 9 0 - 1 0.701946973801
3 10 3 0  10 0 - 0 2.5
3 10 1 0  11 0 - 0 2.5
3 10 7 0  12 0 - 0 2.5
3 10 3 1 3 13 0 - 0 2.5
3 10 2 0  14 0 - 0 2.5
3 10 7 1 7 15 0 - 1 0.301557064056
3 10 6 0  16 0 - 0 2.5
3 10 2 1 2 17 0 - 0 2.5
3 10 5 0  18 0 - 0 2.5
3 10 8 0  19 0 - 0 2.5
3 10 3 0  20 0 - 1 1.33597111702
3 10 5 1 5 21 0 - 0 2.5
3 10 6 0  22 0 - 0 2.5
3 10 8 0  23 0 - 1 0.318165063858
