numb_back order_set img_numb response repeat_img repeat_pos lure lure_kind answer time
2_8.txt         
2 9 6 0  1 0 - 1 0.000993967056274
2 9 4 0  2 0 - 0 2.5
2 9 7 1  3 0 - 0 2.5
2 9 2 0  4 0 - 0 2.5
2 9 7 0 7 5 0 - 1 0.000833034515381
2 9 7 0  6 1 3back 0 2.5
2 9 3 0  7 0 - 0 2.5
2 9 2 0  8 0 - 1 0.101310968399
2 9 1 1 1 9 0 - 0 2.5
2 9 4 0  10 0 - 0 2.5
2 9 6 0  11 0 - 0 2.5
2 9 4 1 4 12 0 - 1 0.201332092285
2 9 8 0  13 0 - 0 2.5
2 9 1 0  14 0 - 0 2.5
2 9 8 1 8 15 0 - 1 0.551582098007
2 9 5 0  16 0 - 0 2.5
2 9 3 0  17 0 - 0 2.5
2 9 2 0  18 0 - 0 2.5
2 9 3 1 3 19 0 - 1 0.151275873184
2 9 5 0  20 0 - 0 2.5
2 9 6 0  21 0 - 0 2.5
2 9 5 1 5 22 0 - 1 0.168017148972
2_9.txt         
2 10 5 0  1 0 - 0 2.5
2 10 2 0  2 0 - 0 2.5
2 10 7 1  3 0 - 0 2.5
2 10 2 0 2 4 0 - 1 0.00098991394043
2 10 1 0  5 0 - 0 2.5
2 10 6 0  6 0 - 0 2.5
2 10 8 1  7 0 - 1 0.00112009048462
2 10 6 0 6 8 0 - 0 2.5
2 10 1 0  9 0 - 0 2.5
2 10 5 1  10 0 - 0 2.5
2 10 1 0 1 11 0 - 0 2.5
2 10 8 0  12 0 - 0 2.5
2 10 7 1  13 0 - 1 0.0512390136719
2 10 8 0 8 14 0 - 1 0.0180330276489
2 10 4 0  15 0 - 0 2.5
2 10 5 1  16 0 - 0 2.5
2 10 4 0 4 17 0 - 1 0.0176980495453
2 10 3 0  18 0 - 0 2.5
2 10 7 0  19 0 - 1 0.234772920609
2 10 3 1 3 20 0 - 0 2.5
2 10 6 0  21 0 - 0 2.5
2 10 2 0  22 0 - 0 2.5
1_5.txt         
1 6 2 0  1 0 - 0 2.5
1 6 5 0  2 0 - 0 2.5
1 6 5 1 5 3 0 - 1 0.00116205215454
1 6 2 0  4 0 - 0 2.5
1 6 8 0  5 0 - 0 2.5
1 6 6 0  6 0 - 0 2.5
1 6 6 1 6 7 0 - 1 0.00106501579285
1 6 8 0  8 0 - 0 2.5
1 6 4 0  9 0 - 0 2.5
1 6 1 0  10 0 - 0 2.5
1 6 1 1 1 11 0 - 1 0.0011260509491
1 6 5 0  12 0 - 0 2.5
1 6 7 0  13 0 - 0 2.5
1 6 7 1 7 14 0 - 1 0.00108909606934
1 6 2 0  15 0 - 0 2.5
1 6 3 0  16 0 - 0 2.5
1 6 3 1 3 17 0 - 1 0.0511260032654
1 6 4 0  18 0 - 0 2.5
1 6 4 1 4 19 0 - 1 0.0510511398315
1 6 1 0  20 0 - 0 2.5
1 6 8 0  21 0 - 0 2.5
2_7.txt         
2 8 3 0  1 0 - 0 2.5
2 8 1 0  2 0 - 0 2.5
2 8 3 1 3 3 0 - 1 0.368313074112
2 8 6 0  4 0 - 0 2.5
2 8 2 0  5 0 - 0 2.5
2 8 6 1 6 6 0 - 1 0.0010130405426
2 8 8 0  7 0 - 1 0.101301908493
2 8 7 0  8 0 - 0 2.5
2 8 8 1 8 9 0 - 1 0.0678768157959
2 8 1 0  10 0 - 0 2.5
2 8 5 0  11 0 - 0 2.5
2 8 4 0  12 0 - 0 2.5
2 8 5 1 5 13 0 - 1 0.00104784965515
2 8 2 0  14 0 - 0 2.5
2 8 1 0  15 0 - 0 2.5
2 8 2 1 2 16 0 - 1 0.168013095856
2 8 7 0  17 0 - 0 2.5
2 8 6 0  18 0 - 0 2.5
2 8 4 0  19 0 - 1 0.000961065292358
2 8 8 0  20 0 - 0 2.5
2 8 4 1 4 21 0 - 0 2.5
2 8 7 0  22 0 - 0 2.5
2_3.txt         
2 4 6 0  1 0 - 0 2.5
2 4 1 0  2 0 - 0 2.5
2 4 6 1 6 3 0 - 0 2.5
2 4 8 0  4 0 - 0 2.5
2 4 3 0  5 0 - 0 2.5
2 4 5 0  6 0 - 0 2.5
2 4 3 1 3 7 0 - 1 0.00110602378845
2 4 8 0  8 0 - 1 0.00118207931519
2 4 1 0  9 0 - 0 2.5
2 4 8 1 8 10 0 - 1 0.484983921051
2 4 4 0  11 0 - 0 2.5
2 4 2 0  12 0 - 0 2.5
2 4 5 0  13 0 - 0 2.5
2 4 7 0  14 0 - 0 2.5
2 4 5 1 5 15 0 - 1 0.00118207931519
2 4 2 0  16 0 - 0 2.5
2 4 1 0  17 0 - 0 2.5
2 4 2 2 2 18 0 - 1 0.0344429016113
2 4 4 0  19 0 - 0 2.5
2 4 7 0  20 0 - 0 2.5
2 4 3 0  21 0 - 0 2.5
2 4 7 1 7 22 0 - 1 0.000144958496094
2_6.txt         
2 7 7 0  1 0 - 0 2.5
2 7 3 0  2 0 - 0 2.5
2 7 7 1 7 3 0 - 1 0.000955104827881
2 7 5 0  4 0 - 0 2.5
2 7 6 0  5 0 - 0 2.5
2 7 2 0  6 0 - 0 2.5
2 7 6 1 6 7 0 - 1 0.0847010612488
2 7 4 0  8 0 - 0 2.5
2 7 3 0  9 0 - 0 2.5
2 7 4 1 4 10 0 - 1 0.000963926315308
2 7 8 0  11 0 - 0 2.5
2 7 5 0  12 0 - 1 0.0680010318756
2 7 1 0  13 0 - 0 2.5
2 7 5 1 5 14 0 - 1 0.401584863663
2 7 8 0  15 0 - 0 2.5
2 7 3 0  16 0 - 0 2.5
2 7 8 0 8 17 0 - 1 0.00100207328796
2 7 1 1  18 0 - 0 2.5
2 7 2 0  19 0 - 0 2.5
2 7 1 0 1 20 0 - 1 0.284759998322
2 7 4 0  21 0 - 0 2.5
2 7 2 1  22 0 - 0 2.5
2_7.txt         
2 8 3 0  1 0 - 0 2.5
2 8 1 0  2 0 - 0 2.5
2 8 3 1 3 3 0 - 1 0.0845282077789
2 8 6 0  4 0 - 0 2.5
2 8 2 0  5 0 - 0 2.5
2 8 6 1 6 6 0 - 1 0.000962018966675
2 8 8 0  7 0 - 0 2.5
2 8 7 0  8 0 - 0 2.5
2 8 8 1 8 9 0 - 1 0.117808103561
2 8 1 0  10 0 - 0 2.5
2 8 5 0  11 0 - 0 2.5
2 8 4 0  12 0 - 0 2.5
2 8 5 1 5 13 0 - 1 0.00102496147156
2 8 2 0  14 0 - 0 2.5
2 8 1 0  15 0 - 0 2.5
2 8 2 1 2 16 0 - 1 0.000957012176514
2 8 7 0  17 0 - 0 2.5
2 8 6 0  18 0 - 0 2.5
2 8 4 0  19 0 - 0 2.5
2 8 8 0  20 0 - 0 2.5
2 8 4 1 4 21 0 - 0 2.5
2 8 7 0  22 0 - 1 0.234683036804
3_4.txt         
3 5 2 0  1 0 - 0 2.5
3 5 1 0  2 0 - 0 2.5
3 5 8 0  3 0 - 0 2.5
3 5 2 1 2 4 0 - 0 2.5
3 5 8 0  5 0 - 0 2.5
3 5 6 0  6 0 - 0 2.5
3 5 1 0  7 0 - 0 2.5
3 5 8 1 8 8 0 - 1 0.251320123672
3 5 2 0  9 0 - 0 2.5
3 5 3 0  10 0 - 1 0.000897884368896
3 5 7 0  11 0 - 0 2.5
3 5 5 0  12 0 - 0 2.5
3 5 3 1 3 13 0 - 0 2.5
3 5 4 0  14 0 - 0 2.5
3 5 5 1 5 15 0 - 1 0.000946044921875
3 5 4 0  16 1 2back 1 0.918881893158
3 5 7 0  17 0 - 0 2.5
3 5 3 0  18 0 - 0 2.5
3 5 4 1 4 19 0 - 0 2.5
3 5 6 0  20 0 - 0 2.5
3 5 1 0  21 0 - 0 2.5
3 5 7 0  22 0 - 1 0.00101518630981
3 5 6 1 6 23 0 - 0 2.5
