numb_back order_set img_numb response repeat_img repeat_pos lure lure_kind answer time
2_7.txt         
2 8 3 0  1 0 - 1 0.000967025756836
2 8 1 0  2 0 - 0 2.5
2 8 3 1 3 3 0 - 1 0.0421209335327
2 8 6 0  4 0 - 0 2.5
2 8 2 0  5 0 - 0 2.5
2 8 6 1 6 6 0 - 1 0.000952959060669
2 8 8 0  7 0 - 0 2.5
2 8 7 0  8 0 - 0 2.5
2 8 8 1 8 9 0 - 1 0.0843629837036
2 8 1 0  10 0 - 0 2.5
2 8 5 0  11 0 - 1 0.00093412399292
2 8 4 0  12 0 - 0 2.5
2 8 5 1 5 13 0 - 1 0.184580087662
2 8 2 0  14 0 - 0 2.5
2 8 1 0  15 0 - 0 2.5
2 8 2 1 2 16 0 - 1 0.0176401138306
2 8 7 0  17 0 - 0 2.5
2 8 6 0  18 0 - 0 2.5
2 8 4 0  19 0 - 1 0.218021154404
2 8 8 0  20 0 - 0 2.5
2 8 4 1 4 21 0 - 0 2.5
2 8 7 0  22 0 - 1 0.10130906105
2_1.txt         
2 2 3 0  1 0 - 0 2.5
2 2 8 0  2 0 - 0 2.5
2 2 5 0  3 0 - 0 2.5
2 2 8 1 8 4 0 - 1 0.501709938049
2 2 2 0  5 0 - 0 2.5
2 2 5 0  6 1 3back 1 0.0512800216675
2 2 2 1 2 7 0 - 0 2.5
2 2 4 0  8 0 - 0 2.5
2 2 6 0  9 0 - 0 2.5
2 2 3 1  10 0 - 1 0.00111699104309
2 2 6 0 6 11 0 - 1 0.000835180282593
2 2 7 0  12 0 - 0 2.5
2 2 1 0  13 0 - 1 0.167888879776
2 2 7 1 7 14 0 - 0 2.5
2 2 8 0  15 0 - 1 0.0509550571442
2 2 4 0  16 0 - 0 2.5
2 2 3 1  17 0 - 0 2.5
2 2 4 0 4 18 0 - 1 0.134495019913
2 2 1 0  19 0 - 0 2.5
2 2 2 0  20 0 - 0 2.5
2 2 1 1 1 21 0 - 1 0.0010290145874
2 2 5 0  22 0 - 0 2.5
1_0.txt         
1 1 3 0  1 0 - 0 2.5
1 1 1 0  2 0 - 0 2.5
1 1 7 1  3 0 - 0 2.5
1 1 7 0 7 4 0 - 1 0.00101590156555
1 1 4 0  5 0 - 0 2.5
1 1 3 0  6 0 - 0 2.5
1 1 6 0  7 0 - 0 2.5
1 1 8 0  8 0 - 0 2.5
1 1 8 1 8 9 0 - 1 0.0845811367035
1 1 7 0  10 0 - 0 2.5
1 1 6 0  11 0 - 0 2.5
1 1 6 1 6 12 0 - 1 0.00103712081909
1 1 5 0  13 0 - 0 2.5
1 1 5 1 5 14 0 - 1 0.034383058548
1 1 2 0  15 0 - 0 2.5
1 1 1 0  16 0 - 0 2.5
1 1 1 1 1 17 0 - 1 0.00101804733276
1 1 2 0  18 0 - 0 2.5
1 1 2 1 2 19 0 - 0 2.5
1 1 3 0  20 0 - 1 0.0010461807251
1 1 4 0  21 0 - 0 2.5
1_9.txt         
1 10 4 0  1 0 - 0 2.5
1 10 2 0  2 0 - 0 2.5
1 10 2 1 2 3 0 - 1 0.0177628993988
1 10 8 0  4 0 - 0 2.5
1 10 8 1 8 5 0 - 1 0.000985145568848
1 10 6 0  6 0 - 0 2.5
1 10 4 0  7 0 - 0 2.5
1 10 4 1 4 8 0 - 1 0.0344240665436
1 10 5 0  9 0 - 0 2.5
1 10 3 0  10 0 - 0 2.5
1 10 1 0  11 0 - 1 0.000910043716431
1 10 3 0  12 0 - 0 2.5
1 10 3 1 3 13 0 - 1 0.118021965027
1 10 1 0  14 0 - 0 2.5
1 10 7 0  15 0 - 0 2.5
1 10 7 1 7 16 0 - 0 2.5
1 10 5 0  17 0 - 1 0.101037979126
1 10 6 0  18 0 - 0 2.5
1 10 6 1 6 19 0 - 1 0.00100183486938
1 10 8 0  20 0 - 0 2.5
1 10 2 0  21 0 - 0 2.5
1_3.txt         
1 4 2 0  1 0 - 0 2.5
1 4 1 0  2 0 - 0 2.5
1 4 4 0  3 0 - 0 2.5
1 4 4 1 4 4 0 - 1 0.000899076461792
1 4 5 0  5 0 - 0 2.5
1 4 5 0 5 6 0 - 1 0.0678510665894
1 4 6 0  7 0 - 0 2.5
1 4 3 1  8 0 - 0 2.5
1 4 2 0  9 0 - 0 2.5
1 4 2 0 2 10 0 - 1 0.000922918319702
1 4 7 0  11 0 - 0 2.5
1 4 1 1  12 0 - 0 2.5
1 4 8 0  13 0 - 1 0.184746026993
1 4 8 0 8 14 0 - 1 0.30150103569
1 4 7 1  15 0 - 0 2.5
1 4 5 0  16 0 - 1 0.0010199546814
1 4 3 0  17 0 - 0 2.5
1 4 3 1 3 18 0 - 1 0.000930070877075
1 4 1 0  19 0 - 0 2.5
1 4 6 0  20 0 - 0 2.5
1 4 6 1 6 21 0 - 1 0.218086004257
1_8.txt         
1 9 2 0  1 0 - 0 2.5
1 9 7 0  2 0 - 0 2.5
1 9 6 1  3 0 - 0 2.5
1 9 3 0  4 0 - 0 2.5
1 9 3 1 3 5 0 - 1 0.184461116791
1 9 7 0  6 0 - 0 2.5
1 9 4 0  7 0 - 0 2.5
1 9 4 1 4 8 0 - 1 0.151424884796
1 9 6 0  9 0 - 0 2.5
1 9 8 0  10 0 - 0 2.5
1 9 8 1 8 11 0 - 1 0.134639024734
1 9 3 0  12 0 - 1 0.067791223526
1 9 5 0  13 0 - 0 2.5
1 9 5 0  14 0 - 1 0.000859022140503
1 9 5 1 5 15 0 - 1 0.18486905098
1 9 4 0  16 0 - 0 2.5
1 9 6 0  17 0 - 0 2.5
1 9 6 0 6 18 0 - 0 2.5
1 9 1 1  19 0 - 0 2.5
1 9 1 0 1 20 0 - 1 0.0677099227905
1 9 7 0  21 0 - 0 2.5
1_9.txt         
1 10 4 0  1 0 - 0 2.5
1 10 2 0  2 0 - 0 2.5
1 10 2 1 2 3 0 - 1 0.0179619789124
1 10 8 0  4 0 - 0 2.5
1 10 8 1 8 5 0 - 1 0.117871046066
1 10 6 0  6 0 - 0 2.5
1 10 4 0  7 0 - 0 2.5
1 10 4 1 4 8 0 - 1 0.000925064086914
1 10 5 0  9 0 - 0 2.5
1 10 3 0  10 0 - 0 2.5
1 10 1 0  11 0 - 0 2.5
1 10 3 0  12 0 - 0 2.5
1 10 3 1 3 13 0 - 1 0.000891208648682
1 10 1 0  14 0 - 0 2.5
1 10 7 0  15 0 - 0 2.5
1 10 7 1 7 16 0 - 1 0.000969886779785
1 10 5 0  17 0 - 0 2.5
1 10 6 0  18 0 - 0 2.5
1 10 6 1 6 19 0 - 1 0.00113701820374
1 10 8 0  20 0 - 0 2.5
1 10 2 0  21 0 - 0 2.5
2_5.txt         
2 6 1 0  1 0 - 0 2.5
2 6 8 0  2 0 - 0 2.5
2 6 4 0  3 0 - 0 2.5
2 6 3 1  4 0 - 0 2.5
2 6 4 0 4 5 0 - 1 0.635059833527
2 6 7 0  6 0 - 0 2.5
2 6 5 1  7 0 - 0 2.5
2 6 7 0 7 8 0 - 1 0.0511569976807
2 6 6 0  9 0 - 0 2.5
2 6 5 0  10 0 - 1 0.184711933136
2 6 1 0  11 0 - 0 2.5
2 6 5 1 5 12 0 - 1 0.0343651771545
2 6 7 0  13 0 - 0 2.5
2 6 3 0  14 0 - 0 2.5
2 6 8 0  15 0 - 0 2.5
2 6 3 1 3 16 0 - 1 0.00112104415894
2 6 2 0  17 0 - 0 2.5
2 6 1 0  18 0 - 0 2.5
2 6 2 1 2 19 0 - 1 0.101086139679
2 6 6 0  20 0 - 0 2.5
2 6 8 0  21 0 - 0 2.5
2 6 6 1 6 22 0 - 1 0.000136137008667
