numb_back order_set img_numb response repeat_img repeat_pos lure lure_kind answer time
2_0.txt         
2 1 4 0  1 0 - 1 0.00114297866821
2 1 8 0  2 0 - 0 2.5
2 1 5 0  3 0 - 0 2.5
2 1 8 1 8 4 0 - 0 2.5
2 1 6 0  5 0 - 0 2.5
2 1 4 0  6 0 - 1 0.101176023483
2 1 3 1  7 0 - 0 2.5
2 1 4 0 4 8 0 - 1 0.000967979431152
2 1 1 0  9 0 - 0 2.5
2 1 7 0  10 0 - 0 2.5
2 1 1 1 1 11 0 - 1 0.00096583366394
2 1 5 0  12 0 - 0 2.5
2 1 2 0  13 0 - 1 0.585296869278
2 1 8 0  14 0 - 1 0.00104808807373
2 1 2 1 2 15 0 - 0 2.5
2 1 7 0  16 0 - 1 0.418299913406
2 1 6 0  17 0 - 0 2.5
2 1 7 1 7 18 0 - 1 0.000909090042114
2 1 3 0  19 0 - 1 0.000945806503296
2 1 6 0  20 1 3back 0 2.5
2 1 3 1 3 21 0 - 1 0.101131916046
2 1 2 0  22 0 - 0 2.5
1_2.txt         
1 1 3 0  1 0 - 0 2.5
1 1 1 0  2 0 - 0 2.5
1 1 7 1  3 0 - 0 2.5
1 1 7 0 7 4 0 - 1 0.000959873199463
1 1 4 0  5 0 - 0 2.5
1 1 3 0  6 0 - 0 2.5
1 1 6 0  7 0 - 0 2.5
1 1 8 0  8 0 - 0 2.5
1 1 8 1 8 9 0 - 1 0.0010290145874
1 1 7 0  10 0 - 0 2.5
1 1 6 0  11 0 - 0 2.5
1 1 6 1 6 12 0 - 1 0.000971078872681
1 1 5 0  13 0 - 0 2.5
1 1 5 1 5 14 0 - 1 0.00104188919067
1 1 2 0  15 0 - 0 2.5
1 1 1 0  16 0 - 0 2.5
1 1 1 1 1 17 0 - 1 0.000975847244263
1 1 2 0  18 0 - 0 2.5
1 1 2 1 2 19 0 - 1 0.00098180770874
1 1 3 0  20 0 - 0 2.5
1 1 4 0  21 0 - 1 0.000157117843628
1_4.txt         
1 5 6 0  1 0 - 0 2.5
1 5 4 0  2 0 - 0 2.5
1 5 5 1  3 0 - 0 2.5
1 5 4 0  4 0 - 0 2.5
1 5 4 1 4 5 0 - 1 0.000944137573242
1 5 7 0  6 0 - 0 2.5
1 5 5 0  7 0 - 0 2.5
1 5 5 1 5 8 0 - 1 0.000979900360107
1 5 1 0  9 0 - 0 2.5
1 5 8 0  10 0 - 0 2.5
1 5 8 1 8 11 0 - 1 0.000915050506592
1 5 1 0  12 0 - 0 2.5
1 5 6 0  13 0 - 0 2.5
1 5 2 0  14 0 - 0 2.5
1 5 2 1 2 15 0 - 1 0.0178210735321
1 5 8 0  16 0 - 0 2.5
1 5 7 0  17 0 - 0 2.5
1 5 7 1 7 18 0 - 0 2.5
1 5 1 0  19 0 - 0 2.5
1 5 3 0  20 0 - 0 2.5
1 5 3 0 3 21 0 - 1 0.000160932540894
1_8.txt         
1 9 2 0  1 0 - 0 2.5
1 9 7 0  2 0 - 0 2.5
1 9 6 1  3 0 - 0 2.5
1 9 3 0  4 0 - 0 2.5
1 9 3 1 3 5 0 - 1 0.000980138778687
1 9 7 0  6 0 - 0 2.5
1 9 4 0  7 0 - 0 2.5
1 9 4 1 4 8 0 - 1 0.0343511104584
1 9 6 0  9 0 - 0 2.5
1 9 8 0  10 0 - 0 2.5
1 9 8 1 8 11 0 - 1 0.0179340839386
1 9 3 0  12 0 - 0 2.5
1 9 5 0  13 0 - 0 2.5
1 9 5 0  14 0 - 1 0.000973224639893
1 9 5 1 5 15 0 - 1 0.334810018539
1 9 4 0  16 0 - 0 2.5
1 9 6 0  17 0 - 0 2.5
1 9 6 0 6 18 0 - 1 0.0344531536102
1 9 1 1  19 0 - 0 2.5
1 9 1 0 1 20 0 - 1 0.00100111961365
1 9 7 0  21 0 - 0 2.5
1_7.txt         
1 8 8 0  1 0 - 0 2.5
1 8 3 0  2 0 - 0 2.5
1 8 1 1  3 0 - 0 2.5
1 8 1 0 1 4 0 - 1 0.000972986221313
1 8 8 0  5 0 - 0 2.5
1 8 4 0  6 0 - 0 2.5
1 8 4 1 4 7 0 - 0 2.5
1 8 5 0  8 0 - 0 2.5
1 8 2 0  9 0 - 0 2.5
1 8 2 1 2 10 0 - 1 0.000950813293457
1 8 5 0  11 0 - 0 2.5
1 8 6 0  12 0 - 0 2.5
1 8 6 1 6 13 0 - 1 0.00098991394043
1 8 7 0  14 0 - 0 2.5
1 8 4 0  15 0 - 0 2.5
1 8 7 0  16 0 - 0 2.5
1 8 7 1 7 17 0 - 1 0.00101780891418
1 8 5 0  18 0 - 0 2.5
1 8 2 0  19 0 - 0 2.5
1 8 3 0  20 0 - 0 2.5
1 8 3 1 3 21 0 - 1 0.000138998031616
1_5.txt         
1 6 2 0  1 0 - 0 2.5
1 6 5 0  2 0 - 0 2.5
1 6 5 1 5 3 0 - 1 0.0345680713654
1 6 2 0  4 0 - 0 2.5
1 6 8 0  5 0 - 0 2.5
1 6 6 0  6 0 - 0 2.5
1 6 6 1 6 7 0 - 1 0.00100207328796
1 6 8 0  8 0 - 0 2.5
1 6 4 0  9 0 - 0 2.5
1 6 1 0  10 0 - 0 2.5
1 6 1 1 1 11 0 - 1 0.0010449886322
1 6 5 0  12 0 - 0 2.5
1 6 7 0  13 0 - 0 2.5
1 6 7 1 7 14 0 - 1 0.00103497505188
1 6 2 0  15 0 - 0 2.5
1 6 3 0  16 0 - 0 2.5
1 6 3 1 3 17 0 - 0 2.5
1 6 4 0  18 0 - 0 2.5
1 6 4 1 4 19 0 - 1 0.00102686882019
1 6 1 0  20 0 - 0 2.5
1 6 8 0  21 0 - 0 2.5
2_3.txt         
2 4 6 0  1 0 - 0 2.5
2 4 1 0  2 0 - 0 2.5
2 4 6 1 6 3 0 - 1 0.0010769367218
2 4 8 0  4 0 - 0 2.5
2 4 3 0  5 0 - 1 0.0176959037781
2 4 5 0  6 0 - 0 2.5
2 4 3 1 3 7 0 - 1 0.0177400112152
2 4 8 0  8 0 - 0 2.5
2 4 1 0  9 0 - 0 2.5
2 4 8 1 8 10 0 - 1 0.0513479709625
2 4 4 0  11 0 - 0 2.5
2 4 2 0  12 0 - 0 2.5
2 4 5 0  13 0 - 0 2.5
2 4 7 0  14 0 - 0 2.5
2 4 5 1 5 15 0 - 1 0.985576868057
2 4 2 0  16 0 - 0 2.5
2 4 1 0  17 0 - 0 2.5
2 4 2 2 2 18 0 - 1 0.218056201935
2 4 4 0  19 0 - 0 2.5
2 4 7 0  20 0 - 0 2.5
2 4 3 0  21 0 - 0 2.5
2 4 7 1 7 22 0 - 1 0.217953920364
3_9.txt         
3 10 4 0  1 0 - 0 2.5
3 10 1 0  2 0 - 0 2.5
3 10 7 0  3 0 - 0 2.5
3 10 5 0  4 0 - 0 2.5
3 10 1 1 1 5 0 - 1 0.0844039916992
3 10 4 0  6 0 - 0 2.5
3 10 8 0  7 0 - 1 0.284837007523
3 10 6 0  8 0 - 0 2.5
3 10 4 1 4 9 0 - 1 0.73512506485
3 10 3 0  10 0 - 0 2.5
3 10 1 0  11 0 - 0 2.5
3 10 7 0  12 0 - 1 0.000976085662842
3 10 3 1 3 13 0 - 0 2.5
3 10 2 0  14 0 - 1 0.000902891159058
3 10 7 1 7 15 0 - 0 2.5
3 10 6 0  16 0 - 0 2.5
3 10 2 1 2 17 0 - 0 2.5
3 10 5 0  18 0 - 1 0.35157585144
3 10 8 0  19 0 - 0 2.5
3 10 3 0  20 0 - 1 0.00106310844421
3 10 5 1 5 21 0 - 0 2.5
3 10 6 0  22 0 - 1 0.251455068588
3 10 8 0  23 0 - 0 2.5
