numb_back order_set img_numb response repeat_img repeat_pos lure lure_kind answer time
2_1.txt         
2 2 3 0  1 0 - 1 0.000967025756836
2 2 8 0  2 0 - 0 2.5
2 2 5 0  3 0 - 0 2.5
2 2 8 1 8 4 0 - 1 0.000992059707642
2 2 2 0  5 0 - 0 2.5
2 2 5 0  6 1 3back 0 2.5
2 2 2 1 2 7 0 - 0 2.5
2 2 4 0  8 0 - 0 2.5
2 2 6 0  9 0 - 0 2.5
2 2 3 1  10 0 - 1 0.284672021866
2 2 6 0 6 11 0 - 0 2.5
2 2 7 0  12 0 - 1 0.618275880814
2 2 1 0  13 0 - 0 2.5
2 2 7 1 7 14 0 - 0 2.5
2 2 8 0  15 0 - 0 2.5
2 2 4 0  16 0 - 1 0.418287992477
2 2 3 1  17 0 - 0 2.5
2 2 4 0 4 18 0 - 0 2.5
2 2 1 0  19 0 - 0 2.5
2 2 2 0  20 0 - 0 2.5
2 2 1 1 1 21 0 - 1 0.18460893631
2 2 5 0  22 0 - 0 2.5
1_3.txt         
1 4 2 0  1 0 - 0 2.5
1 4 1 0  2 0 - 0 2.5
1 4 4 0  3 0 - 0 2.5
1 4 4 1 4 4 0 - 1 0.234815120697
1 4 5 0  5 0 - 0 2.5
1 4 5 0 5 6 0 - 1 0.0177760124207
1 4 6 0  7 0 - 0 2.5
1 4 3 1  8 0 - 0 2.5
1 4 2 0  9 0 - 0 2.5
1 4 2 0 2 10 0 - 1 0.000910997390747
1 4 7 0  11 0 - 0 2.5
1 4 1 1  12 0 - 0 2.5
1 4 8 0  13 0 - 0 2.5
1 4 8 0 8 14 0 - 1 0.251262903214
1 4 7 1  15 0 - 0 2.5
1 4 5 0  16 0 - 0 2.5
1 4 3 0  17 0 - 1 0.000837802886963
1 4 3 1 3 18 0 - 1 0.101264953613
1 4 1 0  19 0 - 0 2.5
1 4 6 0  20 0 - 0 2.5
1 4 6 1 6 21 0 - 1 0.000158071517944
1_7.txt         
1 4 2 0  1 0 - 0 2.5
1 4 1 0  2 0 - 0 2.5
1 4 4 0  3 0 - 0 2.5
1 4 4 1 4 4 0 - 0 2.5
1 4 5 0  5 0 - 0 2.5
1 4 5 0 5 6 0 - 1 0.201364994049
1 4 6 0  7 0 - 0 2.5
1 4 3 1  8 0 - 1 0.134670972824
1 4 2 0  9 0 - 0 2.5
1 4 2 0 2 10 0 - 1 0.184297800064
1 4 7 0  11 0 - 0 2.5
1 4 1 1  12 0 - 0 2.5
1 4 8 0  13 0 - 0 2.5
1 4 8 0 8 14 0 - 1 0.118088006973
1 4 7 1  15 0 - 0 2.5
1 4 5 0  16 0 - 0 2.5
1 4 3 0  17 0 - 0 2.5
1 4 3 1 3 18 0 - 1 0.00101113319397
1 4 1 0  19 0 - 0 2.5
1 4 6 0  20 0 - 0 2.5
1 4 6 1 6 21 0 - 1 0.401696920395
1_3.txt         
1 8 8 0  1 0 - 0 2.5
1 8 3 0  2 0 - 0 2.5
1 8 1 1  3 0 - 0 2.5
1 8 1 0 1 4 0 - 1 0.217823982239
1 8 8 0  5 0 - 0 2.5
1 8 4 0  6 0 - 0 2.5
1 8 4 1 4 7 0 - 0 2.5
1 8 5 0  8 0 - 0 2.5
1 8 2 0  9 0 - 1 0.201253890991
1 8 2 1 2 10 0 - 1 0.0678648948669
1 8 5 0  11 0 - 0 2.5
1 8 6 0  12 0 - 0 2.5
1 8 6 1 6 13 0 - 1 0.000915050506592
1 8 7 0  14 0 - 0 2.5
1 8 4 0  15 0 - 0 2.5
1 8 7 0  16 0 - 0 2.5
1 8 7 1 7 17 0 - 1 0.284686088562
1 8 5 0  18 0 - 0 2.5
1 8 2 0  19 0 - 0 2.5
1 8 3 0  20 0 - 0 2.5
1 8 3 1 3 21 0 - 1 0.184741020203
1_0.txt         
1 1 3 0  1 0 - 0 2.5
1 1 1 0  2 0 - 0 2.5
1 1 7 1  3 0 - 0 2.5
1 1 7 0 7 4 0 - 1 0.00114107131958
1 1 4 0  5 0 - 0 2.5
1 1 3 0  6 0 - 0 2.5
1 1 6 0  7 0 - 0 2.5
1 1 8 0  8 0 - 0 2.5
1 1 8 1 8 9 0 - 1 0.201294898987
1 1 7 0  10 0 - 0 2.5
1 1 6 0  11 0 - 0 2.5
1 1 6 1 6 12 0 - 1 0.16800904274
1 1 5 0  13 0 - 0 2.5
1 1 5 1 5 14 0 - 1 0.117745876312
1 1 2 0  15 0 - 0 2.5
1 1 1 0  16 0 - 0 2.5
1 1 1 1 1 17 0 - 0 2.5
1 1 2 0  18 0 - 0 2.5
1 1 2 1 2 19 0 - 0 2.5
1 1 3 0  20 0 - 0 2.5
1 1 4 0  21 0 - 0 2.5
1_2.txt         
1 3 7 0  1 0 - 0 2.5
1 3 3 0  2 0 - 0 2.5
1 3 3 1 3 3 0 - 1 0.117952108383
1 3 4 0  4 0 - 0 2.5
1 3 7 1  5 0 - 0 2.5
1 3 7 0 7 6 0 - 1 0.351442098618
1 3 4 0  7 0 - 0 2.5
1 3 1 0  8 0 - 0 2.5
1 3 1 1 1 9 0 - 1 0.117860078812
1 3 6 0  10 0 - 0 2.5
1 3 5 0  11 0 - 0 2.5
1 3 8 0  12 0 - 0 2.5
1 3 8 1 8 13 0 - 0 2.5
1 3 2 0  14 0 - 0 2.5
1 3 2 1 2 15 0 - 0 2.5
1 3 6 0  16 0 - 0 2.5
1 3 1 0  17 0 - 0 2.5
1 3 5 0  18 0 - 0 2.5
1 3 5 1 5 19 0 - 1 0.00116801261902
1 3 2 0  20 0 - 0 2.5
1 3 6 0  21 0 - 0 2.5
1_9.txt         
1 3 7 0  1 0 - 0 2.5
1 3 3 0  2 0 - 0 2.5
1 3 3 1 3 3 0 - 0 2.5
1 3 4 0  4 0 - 0 2.5
1 3 7 1  5 0 - 0 2.5
1 3 7 0 7 6 0 - 0 2.5
1 3 4 0  7 0 - 0 2.5
1 3 1 0  8 0 - 0 2.5
1 3 1 1 1 9 0 - 1 0.31805896759
1 3 6 0  10 0 - 0 2.5
1 3 5 0  11 0 - 0 2.5
1 3 8 0  12 0 - 0 2.5
1 3 8 1 8 13 0 - 1 0.218152046204
1 3 2 0  14 0 - 0 2.5
1 3 2 1 2 15 0 - 1 0.635002851486
1 3 6 0  16 0 - 0 2.5
1 3 1 0  17 0 - 0 2.5
1 3 5 0  18 0 - 0 2.5
1 3 5 1 5 19 0 - 1 0.301306009293
1 3 2 0  20 0 - 0 2.5
1 3 6 0  21 0 - 0 2.5
2_8.txt         
2 9 6 0  1 0 - 0 2.5
2 9 4 0  2 0 - 0 2.5
2 9 7 1  3 0 - 0 2.5
2 9 2 0  4 0 - 0 2.5
2 9 7 0 7 5 0 - 1 0.0844089984894
2 9 7 0  6 1 3back 0 2.5
2 9 3 0  7 0 - 0 2.5
2 9 2 0  8 0 - 0 2.5
2 9 1 1 1 9 0 - 0 2.5
2 9 4 0  10 0 - 0 2.5
2 9 6 0  11 0 - 0 2.5
2 9 4 1 4 12 0 - 1 0.0177140235901
2 9 8 0  13 0 - 0 2.5
2 9 1 0  14 0 - 0 2.5
2 9 8 1 8 15 0 - 1 0.101130962372
2 9 5 0  16 0 - 0 2.5
2 9 3 0  17 0 - 0 2.5
2 9 2 0  18 0 - 1 0.651633024216
2 9 3 1 3 19 0 - 1 0.0844650268555
2 9 5 0  20 0 - 0 2.5
2 9 6 0  21 0 - 0 2.5
2 9 5 1 5 22 0 - 1 0.000165939331055
