numb_back order_set img_numb response repeat_img repeat_pos lure lure_kind answer time
2_5.txt         
2 6 1 0  1 0 - 1 0.00120902061462
2 6 8 0  2 0 - 0 2.5
2 6 4 0  3 0 - 0 2.5
2 6 3 1  4 0 - 0 2.5
2 6 4 0 4 5 0 - 1 0.11797118187
2 6 7 0  6 0 - 0 2.5
2 6 5 1  7 0 - 0 2.5
2 6 7 0 7 8 0 - 1 0.151229858398
2 6 6 0  9 0 - 0 2.5
2 6 5 0  10 0 - 0 2.5
2 6 1 0  11 0 - 0 2.5
2 6 5 1 5 12 0 - 1 0.318162918091
2 6 7 0  13 0 - 0 2.5
2 6 3 0  14 0 - 0 2.5
2 6 8 0  15 0 - 1 0.167866945267
2 6 3 1 3 16 0 - 1 0.401759147644
2 6 2 0  17 0 - 0 2.5
2 6 1 0  18 0 - 0 2.5
2 6 2 1 2 19 0 - 1 0.184585809708
2 6 6 0  20 0 - 0 2.5
2 6 8 0  21 0 - 0 2.5
2 6 6 1 6 22 0 - 1 0.985409021378
1_9.txt         
1 10 4 0  1 0 - 0 2.5
1 10 2 0  2 0 - 0 2.5
1 10 2 1 2 3 0 - 1 0.117878913879
1 10 8 0  4 0 - 0 2.5
1 10 8 1 8 5 0 - 1 0.000978946685791
1 10 6 0  6 0 - 0 2.5
1 10 4 0  7 0 - 0 2.5
1 10 4 1 4 8 0 - 1 0.117941141129
1 10 5 0  9 0 - 0 2.5
1 10 3 0  10 0 - 0 2.5
1 10 1 0  11 0 - 0 2.5
1 10 3 0  12 0 - 0 2.5
1 10 3 1 3 13 0 - 1 0.000959873199463
1 10 1 0  14 0 - 0 2.5
1 10 7 0  15 0 - 0 2.5
1 10 7 1 7 16 0 - 1 0.051066160202
1 10 5 0  17 0 - 0 2.5
1 10 6 0  18 0 - 0 2.5
1 10 6 1 6 19 0 - 1 0.0511620044708
1 10 8 0  20 0 - 0 2.5
1 10 2 0  21 0 - 0 2.5
2_1.txt         
2 2 3 0  1 0 - 0 2.5
2 2 8 0  2 0 - 0 2.5
2 2 5 0  3 0 - 0 2.5
2 2 8 1 8 4 0 - 1 0.535079956055
2 2 2 0  5 0 - 0 2.5
2 2 5 0  6 1 3back 0 2.5
2 2 2 1 2 7 0 - 1 0.251235961914
2 2 4 0  8 0 - 0 2.5
2 2 6 0  9 0 - 0 2.5
2 2 3 1  10 0 - 0 2.5
2 2 6 0 6 11 0 - 1 0.251457929611
2 2 7 0  12 0 - 0 2.5
2 2 1 0  13 0 - 0 2.5
2 2 7 1 7 14 0 - 1 0.268169879913
2 2 8 0  15 0 - 0 2.5
2 2 4 0  16 0 - 0 2.5
2 2 3 1  17 0 - 0 2.5
2 2 4 0 4 18 0 - 0 2.5
2 2 1 0  19 0 - 0 2.5
2 2 2 0  20 0 - 0 2.5
2 2 1 1 1 21 0 - 1 0.0178880691528
2 2 5 0  22 0 - 0 2.5
2_9.txt         
2 10 5 0  1 0 - 0 2.5
2 10 2 0  2 0 - 0 2.5
2 10 7 1  3 0 - 1 0.635096073151
2 10 2 0 2 4 0 - 1 0.435099124908
2 10 1 0  5 0 - 0 2.5
2 10 6 0  6 0 - 0 2.5
2 10 8 1  7 0 - 0 2.5
2 10 6 0 6 8 0 - 0 2.5
2 10 1 0  9 0 - 0 2.5
2 10 5 1  10 0 - 0 2.5
2 10 1 0 1 11 0 - 1 0.00110507011414
2 10 8 0  12 0 - 0 2.5
2 10 7 1  13 0 - 0 2.5
2 10 8 0 8 14 0 - 1 0.00119996070862
2 10 4 0  15 0 - 0 2.5
2 10 5 1  16 0 - 1 0.184700965881
2 10 4 0 4 17 0 - 0 2.5
2 10 3 0  18 0 - 0 2.5
2 10 7 0  19 0 - 0 2.5
2 10 3 1 3 20 0 - 0 2.5
2 10 6 0  21 0 - 0 2.5
2 10 2 0  22 0 - 1 0.000170946121216
1_5.txt         
1 6 2 0  1 0 - 0 2.5
1 6 5 0  2 0 - 0 2.5
1 6 5 1 5 3 0 - 1 0.518393039703
1 6 2 0  4 0 - 0 2.5
1 6 8 0  5 0 - 0 2.5
1 6 6 0  6 0 - 0 2.5
1 6 6 1 6 7 0 - 1 0.134772062302
1 6 8 0  8 0 - 0 2.5
1 6 4 0  9 0 - 0 2.5
1 6 1 0  10 0 - 0 2.5
1 6 1 1 1 11 0 - 1 0.00109601020813
1 6 5 0  12 0 - 0 2.5
1 6 7 0  13 0 - 0 2.5
1 6 7 1 7 14 0 - 1 0.0680191516876
1 6 2 0  15 0 - 0 2.5
1 6 3 0  16 0 - 0 2.5
1 6 3 1 3 17 0 - 1 0.0679087638855
1 6 4 0  18 0 - 0 2.5
1 6 4 1 4 19 0 - 1 0.21790599823
1 6 1 0  20 0 - 0 2.5
1 6 8 0  21 0 - 0 2.5
2_7.txt         
2 8 3 0  1 0 - 0 2.5
2 8 1 0  2 0 - 0 2.5
2 8 3 1 3 3 0 - 1 0.0679748058319
2 8 6 0  4 0 - 0 2.5
2 8 2 0  5 0 - 0 2.5
2 8 6 1 6 6 0 - 1 0.000936985015869
2 8 8 0  7 0 - 0 2.5
2 8 7 0  8 0 - 0 2.5
2 8 8 1 8 9 0 - 1 0.000967979431152
2 8 1 0  10 0 - 0 2.5
2 8 5 0  11 0 - 0 2.5
2 8 4 0  12 0 - 0 2.5
2 8 5 1 5 13 0 - 1 0.00111079216003
2 8 2 0  14 0 - 0 2.5
2 8 1 0  15 0 - 0 2.5
2 8 2 1 2 16 0 - 1 0.00104999542236
2 8 7 0  17 0 - 0 2.5
2 8 6 0  18 0 - 0 2.5
2 8 4 0  19 0 - 0 2.5
2 8 8 0  20 0 - 0 2.5
2 8 4 1 4 21 0 - 0 2.5
2 8 7 0  22 0 - 0 2.5
3_0.txt         
3 1 7 0  1 0 - 0 2.5
3 1 5 0  2 0 - 0 2.5
3 1 4 0  3 0 - 0 2.5
3 1 7 1 7 4 0 - 1 0.334916114807
3 1 4 0  5 1 2back 0 2.5
3 1 5 0  6 0 - 0 2.5
3 1 2 0  7 0 - 0 2.5
3 1 4 1 4 8 0 - 0 2.5
3 1 3 0  9 0 - 0 2.5
3 1 2 1 2 10 0 - 1 0.451597213745
3 1 1 0  11 0 - 0 2.5
3 1 8 0  12 0 - 0 2.5
3 1 6 0  13 0 - 0 2.5
3 1 1 1 1 14 0 - 0 2.5
3 1 2 0  15 0 - 0 2.5
3 1 8 1 8 16 0 - 0 2.5
3 1 5 0  17 0 - 0 2.5
3 1 6 0  18 0 - 0 2.5
3 1 3 0  19 0 - 0 2.5
3 1 7 0  20 0 - 0 2.5
3 1 6 1 6 21 0 - 1 1.2191901207
3 1 8 0  22 0 - 0 2.5
3 1 1 0  23 0 - 0 2.5
3_8.txt         
3 9 5 0  1 0 - 0 2.5
3 9 3 0  2 0 - 0 2.5
3 9 2 0  3 0 - 0 2.5
3 9 5 1 5 4 0 - 0 2.5
3 9 1 0  5 0 - 0 2.5
3 9 2 1 2 6 0 - 0 2.5
3 9 4 0  7 0 - 0 2.5
3 9 3 0  8 0 - 0 2.5
3 9 8 0  9 0 - 0 2.5
3 9 4 1 4 10 0 - 1 0.785246133804
3 9 7 0  11 0 - 0 2.5
3 9 8 1 8 12 0 - 0 2.5
3 9 5 0  13 0 - 0 2.5
3 9 2 0  14 0 - 0 2.5
3 9 6 0  15 0 - 1 0.801951169968
3 9 7 0  16 0 - 0 2.5
3 9 3 0  17 0 - 0 2.5
3 9 4 0  18 0 - 0 2.5
3 9 7 1 7 19 0 - 0 2.5
3 9 6 0  20 0 - 0 2.5
3 9 1 0  21 0 - 0 2.5
3 9 8 0  22 0 - 0 2.5
3 9 6 1 6 23 0 - 0 2.5
