numb_back order_set img_numb response repeat_img repeat_pos lure lure_kind answer time
2_3.txt         
2 4 6 0  1 0 - 1 0.00101900100708
2 4 1 0  2 0 - 0 2.5
2 4 6 1 6 3 0 - 0 2.5
2 4 8 0  4 0 - 0 2.5
2 4 3 0  5 0 - 0 2.5
2 4 5 0  6 0 - 1 0.000978231430054
2 4 3 1 3 7 0 - 0 2.5
2 4 8 0  8 0 - 1 0.051283121109
2 4 1 0  9 0 - 0 2.5
2 4 8 1 8 10 0 - 0 2.5
2 4 4 0  11 0 - 0 2.5
2 4 2 0  12 0 - 0 2.5
2 4 5 0  13 0 - 1 0.0344319343567
2 4 7 0  14 0 - 0 2.5
2 4 5 1 5 15 0 - 0 2.5
2 4 2 0  16 0 - 1 0.25145483017
2 4 1 0  17 0 - 0 2.5
2 4 2 2 2 18 0 - 0 2.5
2 4 4 0  19 0 - 0 2.5
2 4 7 0  20 0 - 0 2.5
2 4 3 0  21 0 - 1 0.234802007675
2 4 7 1 7 22 0 - 0 2.5
1_5.txt         
1 6 2 0  1 0 - 0 2.5
1 6 5 0  2 0 - 1 0.134518861771
1 6 5 1 5 3 0 - 1 0.418382883072
1 6 2 0  4 0 - 1 1.01886796951
1 6 8 0  5 0 - 0 2.5
1 6 6 0  6 0 - 0 2.5
1 6 6 1 6 7 0 - 0 2.5
1 6 8 0  8 0 - 1 0.00104379653931
1 6 4 0  9 0 - 0 2.5
1 6 1 0  10 0 - 0 2.5
1 6 1 1 1 11 0 - 0 2.5
1 6 5 0  12 0 - 0 2.5
1 6 7 0  13 0 - 0 2.5
1 6 7 1 7 14 0 - 1 0.36823797226
1 6 2 0  15 0 - 0 2.5
1 6 3 0  16 0 - 0 2.5
1 6 3 1 3 17 0 - 1 0.00097393989563
1 6 4 0  18 0 - 0 2.5
1 6 4 1 4 19 0 - 0 2.5
1 6 1 0  20 0 - 0 2.5
1 6 8 0  21 0 - 0 2.5
1_9.txt         
1 10 4 0  1 0 - 0 2.5
1 10 2 0  2 0 - 0 2.5
1 10 2 1 2 3 0 - 1 0.268094062805
1 10 8 0  4 0 - 0 2.5
1 10 8 1 8 5 0 - 1 0.0345690250397
1 10 6 0  6 0 - 0 2.5
1 10 4 0  7 0 - 1 0.284857988358
1 10 4 1 4 8 0 - 0 2.5
1 10 5 0  9 0 - 0 2.5
1 10 3 0  10 0 - 1 0.000918865203857
1 10 1 0  11 0 - 0 2.5
1 10 3 0  12 0 - 0 2.5
1 10 3 1 3 13 0 - 1 0.00101590156555
1 10 1 0  14 0 - 0 2.5
1 10 7 0  15 0 - 0 2.5
1 10 7 1 7 16 0 - 1 0.518265008926
1 10 5 0  17 0 - 0 2.5
1 10 6 0  18 0 - 1 0.28488779068
1 10 6 1 6 19 0 - 1 0.151029825211
1 10 8 0  20 0 - 0 2.5
1 10 2 0  21 0 - 0 2.5
1_8.txt         
1 9 2 0  1 0 - 0 2.5
1 9 7 0  2 0 - 0 2.5
1 9 6 1  3 0 - 0 2.5
1 9 3 0  4 0 - 0 2.5
1 9 3 1 3 5 0 - 1 0.00100493431091
1 9 7 0  6 0 - 0 2.5
1 9 4 0  7 0 - 0 2.5
1 9 4 1 4 8 0 - 1 0.0177838802338
1 9 6 0  9 0 - 0 2.5
1 9 8 0  10 0 - 0 2.5
1 9 8 1 8 11 0 - 1 0.00110006332397
1 9 3 0  12 0 - 1 0.234585046768
1 9 5 0  13 0 - 0 2.5
1 9 5 0  14 0 - 1 0.00098705291748
1 9 5 1 5 15 0 - 1 0.0845530033112
1 9 4 0  16 0 - 0 2.5
1 9 6 0  17 0 - 1 0.368300914764
1 9 6 0 6 18 0 - 1 0.20140504837
1 9 1 1  19 0 - 0 2.5
1 9 1 0 1 20 0 - 1 0.000994205474854
1 9 7 0  21 0 - 0 2.5
1_1.txt         
1 2 5 0  1 0 - 0 2.5
1 2 8 0  2 0 - 1 0.118025064468
1 2 8 1 8 3 0 - 1 0.034590959549
1 2 2 0  4 0 - 0 2.5
1 2 1 0  5 0 - 0 2.5
1 2 1 1 1 6 0 - 1 0.00114297866821
1 2 4 0  7 0 - 0 2.5
1 2 7 0  8 0 - 0 2.5
1 2 7 1 7 9 0 - 1 0.301666975021
1 2 3 0  10 0 - 0 2.5
1 2 6 0  11 0 - 1 0.201362133026
1 2 6 1 6 12 0 - 1 0.0345890522003
1 2 3 0  13 0 - 0 2.5
1 2 5 0  14 0 - 1 0.535138130188
1 2 2 0  15 0 - 1 0.35162115097
1 2 2 1 2 16 0 - 0 2.5
1 2 8 0  17 0 - 0 2.5
1 2 5 0  18 0 - 0 2.5
1 2 4 0  19 0 - 0 2.5
1 2 4 1 4 20 0 - 1 0.201256990433
1 2 7 0  21 0 - 0 2.5
1_2.txt         
1 3 7 0  1 0 - 0 2.5
1 3 3 0  2 0 - 0 2.5
1 3 3 1 3 3 0 - 1 0.0677659511566
1 3 4 0  4 0 - 0 2.5
1 3 7 1  5 0 - 0 2.5
1 3 7 0 7 6 0 - 1 0.318206071854
1 3 4 0  7 0 - 0 2.5
1 3 1 0  8 0 - 0 2.5
1 3 1 1 1 9 0 - 1 0.151180028915
1 3 6 0  10 0 - 0 2.5
1 3 5 0  11 0 - 0 2.5
1 3 8 0  12 0 - 1 0.384736776352
1 3 8 1 8 13 0 - 1 0.184723138809
1 3 2 0  14 0 - 0 2.5
1 3 2 1 2 15 0 - 1 0.151429891586
1 3 6 0  16 0 - 0 2.5
1 3 1 0  17 0 - 0 2.5
1 3 5 0  18 0 - 0 2.5
1 3 5 1 5 19 0 - 1 0.0846841335297
1 3 2 0  20 0 - 1 0.48516702652
1 3 6 0  21 0 - 0 2.5
1_9.txt         
1 10 4 0  1 0 - 0 2.5
1 10 2 0  2 0 - 0 2.5
1 10 2 1 2 3 0 - 1 0.268190145493
1 10 8 0  4 0 - 1 0.00108289718628
1 10 8 1 8 5 0 - 1 0.268095970154
1 10 6 0  6 0 - 0 2.5
1 10 4 0  7 0 - 0 2.5
1 10 4 1 4 8 0 - 1 0.151371955872
1 10 5 0  9 0 - 0 2.5
1 10 3 0  10 0 - 0 2.5
1 10 1 0  11 0 - 0 2.5
1 10 3 0  12 0 - 0 2.5
1 10 3 1 3 13 0 - 1 0.251415967941
1 10 1 0  14 0 - 0 2.5
1 10 7 0  15 0 - 0 2.5
1 10 7 1 7 16 0 - 1 0.317992925644
1 10 5 0  17 0 - 0 2.5
1 10 6 0  18 0 - 0 2.5
1 10 6 1 6 19 0 - 1 0.268082141876
1 10 8 0  20 0 - 0 2.5
1 10 2 0  21 0 - 0 2.5
2_4.txt         
2 5 3 0  1 0 - 0 2.5
2 5 2 0  2 0 - 0 2.5
2 5 3 1 3 3 0 - 1 0.501642942429
2 5 6 0  4 0 - 0 2.5
2 5 8 0  5 0 - 0 2.5
2 5 6 1 6 6 0 - 1 0.00113201141357
2 5 2 0  7 0 - 0 2.5
2 5 5 0  8 0 - 0 2.5
2 5 3 0  9 0 - 1 0.0345170497894
2 5 5 1 5 10 0 - 0 2.5
2 5 4 0  11 0 - 0 2.5
2 5 1 0  12 0 - 0 2.5
2 5 4 1 4 13 0 - 1 0.03440117836
2 5 2 0  14 0 - 0 2.5
2 5 1 0  15 0 - 0 2.5
2 5 8 0  16 0 - 0 2.5
2 5 1 1 1 17 0 - 1 0.0178618431091
2 5 7 0  18 0 - 0 2.5
2 5 6 0  19 0 - 0 2.5
2 5 7 1 7 20 0 - 0 2.5
2 5 4 0  21 0 - 1 0.184607028961
2 5 8 0  22 0 - 0 2.5
