numb_back order_set img_numb response repeat_img repeat_pos lure lure_kind answer time
2_8.txt         
2 9 6 0  1 0 - 1 0.000965118408203
2 9 4 0  2 0 - 1 0.000972032546997
2 9 7 1  3 0 - 0 2.5
2 9 2 0  4 0 - 1 0.602590799332
2 9 7 0 7 5 0 - 1 0.319288015366
2 9 7 0  6 1 3back 1 0.419195175171
2 9 3 0  7 0 - 0 2.5
2 9 2 0  8 0 - 1 0.719444036484
2 9 1 1 1 9 0 - 0 2.5
2 9 4 0  10 0 - 1 1.40364193916
2 9 6 0  11 0 - 1 1.28692603111
2 9 4 1 4 12 0 - 1 2.13775491714
2 9 8 0  13 0 - 0 2.5
2 9 1 0  14 0 - 1 0.202406167984
2 9 8 1 8 15 0 - 1 1.08652305603
2 9 5 0  16 0 - 0 2.5
2 9 3 0  17 0 - 1 0.202429056168
2 9 2 0  18 0 - 0 2.5
2 9 3 1 3 19 0 - 0 2.5
2 9 5 0  20 0 - 1 2.47161793709
2 9 6 0  21 0 - 0 2.5
2 9 5 1 5 22 0 - 1 0.20126080513
1_4.txt         
1 5 6 0  1 0 - 0 2.5
1 5 4 0  2 0 - 1 0.00102996826172
1 5 5 1  3 0 - 0 2.5
1 5 4 0  4 0 - 0 2.5
1 5 4 1 4 5 0 - 1 0.251286029816
1 5 7 0  6 0 - 0 2.5
1 5 5 0  7 0 - 1 0.785397052765
1 5 5 1 5 8 0 - 0 2.5
1 5 1 0  9 0 - 1 0.284684896469
1 5 8 0  10 0 - 1 0.00108814239502
1 5 8 1 8 11 0 - 1 0.000982999801636
1 5 1 0  12 0 - 1 0.351511955261
1 5 6 0  13 0 - 0 2.5
1 5 2 0  14 0 - 0 2.5
1 5 2 1 2 15 0 - 1 1.10231804848
1 5 8 0  16 0 - 1 0.585088014603
1 5 7 0  17 0 - 1 2.3373029232
1 5 7 1 7 18 0 - 1 2.43727016449
1 5 1 0  19 0 - 0 2.5
1 5 3 0  20 0 - 1 0.000817060470581
1 5 3 0 3 21 0 - 1 0.268129110336
1_0.txt         
1 5 6 0  1 0 - 1 1.75298213959
1 5 4 0  2 0 - 1 0.0343768596649
1 5 5 1  3 0 - 1 0.00107717514038
1 5 4 0  4 0 - 1 0.000952005386353
1 5 4 1 4 5 0 - 1 2.27026700974
1 5 7 0  6 0 - 0 2.5
1 5 5 0  7 0 - 1 0.000881195068359
1 5 5 1 5 8 0 - 1 0.067745923996
1 5 1 0  9 0 - 1 0.351464986801
1 5 8 0  10 0 - 1 0.000977039337158
1 5 8 1 8 11 0 - 0 2.5
1 5 1 0  12 0 - 1 0.10124707222
1 5 6 0  13 0 - 1 0.167639017105
1 5 2 0  14 0 - 1 2.48718094826
1 5 2 1 2 15 0 - 1 0.201215028763
1 5 8 0  16 0 - 1 0.0178310871124
1 5 7 0  17 0 - 1 0.00103092193604
1 5 7 1 7 18 0 - 1 0.00100517272949
1 5 1 0  19 0 - 1 0.00091290473938
1 5 3 0  20 0 - 1 2.2534558773
1 5 3 0 3 21 0 - 1 0.234755992889
1_2.txt         
1 3 7 0  1 0 - 1 0.000864028930664
1 3 3 0  2 0 - 1 0.251501083374
1 3 3 1 3 3 0 - 0 2.5
1 3 4 0  4 0 - 1 0.468198060989
1 3 7 1  5 0 - 1 0.184692144394
1 3 7 0 7 6 0 - 1 1.90311717987
1 3 4 0  7 0 - 1 0.151258945465
1 3 1 0  8 0 - 1 0.000986099243164
1 3 1 1 1 9 0 - 1 2.50378417969
1 3 6 0  10 0 - 0 2.5
1 3 5 0  11 0 - 1 0.00109100341797
1 3 8 0  12 0 - 1 0.000890970230103
1 3 8 1 8 13 0 - 1 0.00120806694031
1 3 2 0  14 0 - 1 2.36995482445
1 3 2 1 2 15 0 - 1 0.318103075027
1 3 6 0  16 0 - 1 0.0180339813232
1 3 1 0  17 0 - 0 2.5
1 3 5 0  18 0 - 1 0.000978946685791
1 3 5 1 5 19 0 - 1 0.00101804733276
1 3 2 0  20 0 - 1 0.00113606452942
1 3 6 0  21 0 - 1 2.22006607056
1_8.txt         
1 9 2 0  1 0 - 1 0.00110816955566
1 9 7 0  2 0 - 1 0.000970125198364
1 9 6 1  3 0 - 1 2.25345492363
1 9 3 0  4 0 - 1 0.000921964645386
1 9 3 1 3 5 0 - 1 0.00111103057861
1 9 7 0  6 0 - 1 0.000975131988525
1 9 4 0  7 0 - 0 2.5
1 9 4 1 4 8 0 - 1 0.017826795578
1 9 6 0  9 0 - 0 2.5
1 9 8 0  10 0 - 0 2.5
1 9 8 1 8 11 0 - 0 2.5
1 9 3 0  12 0 - 1 0.00111985206604
1 9 5 0  13 0 - 0 2.5
1 9 5 0  14 0 - 1 0.000885963439941
1 9 5 1 5 15 0 - 1 0.000988960266113
1 9 4 0  16 0 - 1 0.00116515159607
1 9 6 0  17 0 - 1 0.000929117202759
1 9 6 0 6 18 0 - 0 2.5
1 9 1 1  19 0 - 0 2.5
1 9 1 0 1 20 0 - 1 1.38606882095
1 9 7 0  21 0 - 1 0.0346329212189
1_3.txt         
1 4 2 0  1 0 - 1 0.00105810165405
1 4 1 0  2 0 - 1 0.00110983848572
1 4 4 0  3 0 - 0 2.5
1 4 4 1 4 4 0 - 1 0.00105690956116
1 4 5 0  5 0 - 1 0.0343899726868
1 4 5 0 5 6 0 - 1 0.00114512443542
1 4 6 0  7 0 - 1 0.00088906288147
1 4 3 1  8 0 - 1 0.00102496147156
1 4 2 0  9 0 - 1 2.35368394852
1 4 2 0 2 10 0 - 1 2.30369305611
1 4 7 0  11 0 - 0 2.5
1 4 1 1  12 0 - 0 2.5
1 4 8 0  13 0 - 0 2.5
1 4 8 0 8 14 0 - 0 2.5
1 4 7 1  15 0 - 0 2.5
1 4 5 0  16 0 - 0 2.5
1 4 3 0  17 0 - 0 2.5
1 4 3 1 3 18 0 - 0 2.5
1 4 1 0  19 0 - 0 2.5
1 4 6 0  20 0 - 1 1.66978096962
1 4 6 1 6 21 0 - 1 0.667438983917
1_4.txt         
1 4 2 0  1 0 - 0 2.5
1 4 1 0  2 0 - 0 2.5
1 4 4 0  3 0 - 0 2.5
1 4 4 1 4 4 0 - 1 0.000922918319702
1 4 5 0  5 0 - 1 0.000854015350342
1 4 5 0 5 6 0 - 0 2.5
1 4 6 0  7 0 - 1 0.000902891159058
1 4 3 1  8 0 - 0 2.5
1 4 2 0  9 0 - 0 2.5
1 4 2 0 2 10 0 - 1 2.37040305138
1 4 7 0  11 0 - 1 0.000931024551392
1 4 1 1  12 0 - 1 0.000988006591797
1 4 8 0  13 0 - 1 0.000979900360107
1 4 8 0 8 14 0 - 0 2.5
1 4 7 1  15 0 - 1 2.42042589188
1 4 5 0  16 0 - 0 2.5
1 4 3 0  17 0 - 1 0.00100803375244
1 4 3 1 3 18 0 - 1 2.38702201843
1 4 1 0  19 0 - 0 2.5
1 4 6 0  20 0 - 1 2.45370721817
1 4 6 1 6 21 0 - 0 2.5
1_7.txt         
1 8 8 0  1 0 - 1 0.00100493431091
1 8 3 0  2 0 - 0 2.5
1 8 1 1  3 0 - 0 2.5
1 8 1 0 1 4 0 - 1 0.0010290145874
1 8 8 0  5 0 - 1 0.401458978653
1 8 4 0  6 0 - 0 2.5
1 8 4 1 4 7 0 - 0 2.5
1 8 5 0  8 0 - 0 2.5
1 8 2 0  9 0 - 1 0.318004131317
1 8 2 1 2 10 0 - 0 2.5
1 8 5 0  11 0 - 1 1.00223898888
1 8 6 0  12 0 - 0 2.5
1 8 6 1 6 13 0 - 0 2.5
1 8 7 0  14 0 - 0 2.5
1 8 4 0  15 0 - 1 0.000950813293457
1 8 7 0  16 0 - 0 2.5
1 8 7 1 7 17 0 - 1 0.00115299224854
1 8 5 0  18 0 - 1 0.00115704536438
1 8 2 0  19 0 - 1 2.43701887131
1 8 3 0  20 0 - 0 2.5
1 8 3 1 3 21 0 - 1 0.0001380443573
